def get_matrix1():
    return [[-26, -81, 84, -13, 77, 15, -96, 54, 65],
           [-45, 81, 46, -62, -39, -33, 38, 80, -64],
           [49, 17, 68, 95, -36, 29, -70, 93, -90],
           [63, 68, 2, -45, 46, 62, 21, 2, 97],
           [-14, 76, 26, 67, -18, 16, 7, -32, 26],
           [-64, -68, -45, -64, -39, 7, -54, 58, 27],
           [18, 68, 81, -25, 73, 27, 59, -39, -97],
           [-53, 16, -33, -11, -88, 53, 99, -39, 81],
           [-66, 24, 60, -7, -97, -32, 40, -11, -50]]

def get_b1():
    return [33, -62, -41, -84, 5, -41, -8, 52, 34]

def get_matrix2():
    return [[241, -49, -64, -32, 83, -73, 57, 66, -17, -47, -1],
           [-49, 42, 65, -9, -45, 25, 8, 10, 0, 16, -54],
           [-64, 65, 207, 71, -195, 103, 41, 27, 43, 92, -167],
           [-32, -9, 71, 241, -129, 79, 83, 144, 98, 30, -50],
           [83, -45, -195, -129, 216, -93, -48, -36, -86, -84, 83],
           [-73, 25, 103, 79, -93, 218, -36, -2, -58, 182, -213],
           [57, 8, 41, 83, -48, -36, 236, 62, 152, -69, 227],
           [66, 10, 27, 144, -36, -2, 62, 245, 44, -35, -113],
           [-17, 0, 43, 98, -86, -58, 152, 44, 241, -25, -250],
           [-47, 16, 92, 30, -84, 182, -69, -35, -25, 244, 210]]

# def get_b2():
#     return [-1, -54, -167, -50, 83, -213, 227, -113, -250, 210]


def get_matrix3():
    return [[391, -1, 0, 0, 0, 0, 0, 0, 0, 0],
            [-4, 72, -27, 0, 0, 0, 0, 0, 0, 0],
            [0, 7, -19, 7, 0, 0, 0, 0, 0, 0],
            [0, 0, -134, -460, 30, 0, 0, 0, 0, 0],
            [0, 0, 0, -23, 281, -83, 0, 0, 0, 0],
            [0, 0, 0, 0, -374, 896, -353, 0, 0, 0],
            [0, 0, 0, 0, 0, -238, -716, 86, 0, 0],
            [0, 0, 0, 0, 0, 0, -66, 147, 63, 0],
            [0, 0, 0, 0, 0, 0, 0, 109, 458, -200],
            [0, 0, 0, 0, 0, 0, 0, 0, 626, 721]]

def get_b3():
    return [969, 718, 571, 27, -645, -203, -733, -939, 879, -398]